0 0.230088 0.716814 0.132743 0.176991
0 0.487463 0.601770 0.110619 0.128319
0 0.303835 0.526549 0.117994 0.101770
0 0.361357 0.440265 0.085546 0.084071
0 0.175516 0.486726 0.094395 0.110619
0 0.693215 0.814159 0.168142 0.247788
0 0.936578 0.732301 0.126844 0.221239
0 0.944690 0.359513 0.084071 0.095133
0 0.924041 0.248894 0.066372 0.068584
0 0.516224 0.419248 0.067847 0.073009
0 0.457965 0.776549 0.137168 0.207965
0 0.320059 0.910398 0.168142 0.170354
0 0.043510 0.690265 0.087020 0.150442
0 0.098083 0.545354 0.084071 0.112832
0 0.243363 0.384956 0.070796 0.092920
0 0.793510 0.429204 0.085546 0.084071
0 0.818584 0.504425 0.097345 0.119469
0 0.664454 0.509956 0.095870 0.112832
0 0.668879 0.619469 0.148968 0.137168
0 0.752212 0.356195 0.061947 0.075221
0 0.522861 0.350664 0.069322 0.073009
0 0.327434 0.293142 0.053097 0.077434
0 0.445428 0.287611 0.058997 0.066372
0 0.283186 0.345133 0.070796 0.088496